V1	V2	Cluster1	Cluster2	Cluster3	ancestry
SC-17	Swan_Creek	1e-05	0.216139	0.783851	Admixed
SC-22	Swan_Creek	1e-05	0.482865	0.517125	Admixed
SC-47	Swan_Creek	1e-05	0.156799	0.843191	Admixed
Wall-002	Red_River	1e-05	0.408712	0.591278	Admixed
Wall-054	Red_River	0.076845	0.60747	0.315685	Admixed
Wall-182	Dauphin_River	1e-05	0.607468	0.392522	Admixed
Wall-185	Dauphin_River	1e-05	0.612325	0.387665	Admixed
Wall-188	Dauphin_River	1e-05	0.605538	0.394452	Admixed
Wall-193	Dauphin_River	0.007783	0.563512	0.428704	Admixed
Wall-196	Dauphin_River	0.023846	0.68498	0.291174	Admixed
Wall-279	Matheson	0.009082	0.802921	0.187997	Admixed
Wall-300	Matheson	1e-05	0.696798	0.303192	Admixed
Wall-303	Matheson	1e-05	0.759832	0.240158	Admixed
Wall-306	Matheson	1e-05	0.816445	0.183545	Admixed
Wall-317	Matheson	0.027931	0.774662	0.197407	Admixed
Wall-318	Matheson	1e-05	0.795813	0.204177	Admixed
Wall-338	Dauphin_River	0.041912	0.684152	0.273936	Admixed
Wall-350	Dauphin_River	0.005517	0.598553	0.39593	Admixed
Wall-354	Dauphin_River	0.052704	0.537772	0.409524	Admixed
Wall-356	Dauphin_River	1e-05	0.642367	0.357623	Admixed
Wall-357	Dauphin_River	0.02581	0.745982	0.228208	Admixed
Wall-358	Dauphin_River	0.011965	0.518902	0.469133	Admixed
Wall-359	Dauphin_River	0.02365	0.635081	0.341268	Admixed
Wall-360	Dauphin_River	0.025888	0.548842	0.42527	Admixed
Wall-342	Dauphin_River	0.065501	0.572269	0.362231	Admixed
Wall-344	Dauphin_River	0.026215	0.722352	0.251433	Admixed
Wall-345	Dauphin_River	0.035831	0.57418	0.389989	Admixed
Wall-346	Dauphin_River	0.042738	0.719162	0.2381	Admixed
Wall-197	Dauphin_River	0.026208	0.585155	0.388637	Admixed
KS-1	Kansas	0.99998	1e-05	1e-05	Kansas
KS-2	Kansas	0.99998	1e-05	1e-05	Kansas
KS-3	Kansas	0.99998	1e-05	1e-05	Kansas
KS-4	Kansas	0.993021	1e-05	0.006969	Kansas
KS-5	Kansas	0.99998	1e-05	1e-05	Kansas
KS-6	Kansas	0.941257	0.058733	1e-05	Kansas
KS-7	Kansas	0.99998	1e-05	1e-05	Kansas
KS-8	Kansas	0.99998	1e-05	1e-05	Kansas
KS-9	Kansas	0.99998	1e-05	1e-05	Kansas
KS-10	Kansas	0.99998	1e-05	1e-05	Kansas
KS-11	Kansas	0.99998	1e-05	1e-05	Kansas
KS-12	Kansas	0.99998	1e-05	1e-05	Kansas
KS-13	Kansas	0.99998	1e-05	1e-05	Kansas
KS-14	Kansas	0.984933	0.015057	1e-05	Kansas
KS-15	Kansas	0.99998	1e-05	1e-05	Kansas
KS-16	Kansas	0.882659	0.111582	0.005758	Kansas
KS-17	Kansas	0.99998	1e-05	1e-05	Kansas
KS-18	Kansas	0.999973	1.7e-05	1e-05	Kansas
KS-19	Kansas	0.99998	1e-05	1e-05	Kansas
KS-20	Kansas	0.999974	1.6e-05	1e-05	Kansas
KS-21	Kansas	0.99998	1e-05	1e-05	Kansas
KS-22	Kansas	0.99998	1e-05	1e-05	Kansas
KS-23	Kansas	0.99998	1e-05	1e-05	Kansas
KS-24	Kansas	0.99998	1e-05	1e-05	Kansas
KS-25	Kansas	0.99998	1e-05	1e-05	Kansas
KS-26	Kansas	0.99998	1e-05	1e-05	Kansas
KS-27	Kansas	0.99998	1e-05	1e-05	Kansas
KS-28	Kansas	0.915115	0.084875	1e-05	Kansas
KS-29	Kansas	0.99998	1e-05	1e-05	Kansas
KS-30	Kansas	0.999972	1.8e-05	1e-05	Kansas
KS-31	Kansas	0.99998	1e-05	1e-05	Kansas
KS-32	Kansas	0.99998	1e-05	1e-05	Kansas
KS-33	Kansas	0.99998	1e-05	1e-05	Kansas
KS-34	Kansas	0.99998	1e-05	1e-05	Kansas
KS-35	Kansas	0.999975	1.5e-05	1e-05	Kansas
KS-36	Kansas	0.870863	0.129127	1e-05	Kansas
KS-37	Kansas	0.99998	1e-05	1e-05	Kansas
KS-38	Kansas	0.99998	1e-05	1e-05	Kansas
KS-39	Kansas	0.99998	1e-05	1e-05	Kansas
KS-40	Kansas	0.99998	1e-05	1e-05	Kansas
KS-41	Kansas	0.996013	0.003977	1e-05	Kansas
KS-42	Kansas	0.99998	1e-05	1e-05	Kansas
KS-43	Kansas	0.99998	1e-05	1e-05	Kansas
KS-44	Kansas	0.99998	1e-05	1e-05	Kansas
KS-45	Kansas	0.99998	1e-05	1e-05	Kansas
KS-46	Kansas	0.99998	1e-05	1e-05	Kansas
KS-47	Kansas	0.99998	1e-05	1e-05	Kansas
KS-48	Kansas	0.947503	0.008348	0.044149	Kansas
KS-49	Kansas	0.99998	1e-05	1e-05	Kansas
KS-50	Kansas	0.99998	1e-05	1e-05	Kansas
KS-51	Kansas	0.99998	1e-05	1e-05	Kansas
KS-52	Kansas	0.99998	1e-05	1e-05	Kansas
KS-53	Kansas	0.99998	1e-05	1e-05	Kansas
KS-54	Kansas	0.99998	1e-05	1e-05	Kansas
KS-55	Kansas	0.99998	1e-05	1e-05	Kansas
KS-56	Kansas	0.99998	1e-05	1e-05	Kansas
KS-57	Kansas	0.99998	1e-05	1e-05	Kansas
KS-58	Kansas	0.99998	1e-05	1e-05	Kansas
KS-59	Kansas	0.99998	1e-05	1e-05	Kansas
KS-60	Kansas	0.99998	1e-05	1e-05	Kansas
SC-1	Swan_Creek	1e-05	1e-05	0.99998	Manitoba
SC-2	Swan_Creek	1e-05	1e-05	0.99998	Manitoba
SC-3	Swan_Creek	1e-05	1e-05	0.99998	Manitoba
SC-4	Swan_Creek	1e-05	1e-05	0.99998	Manitoba
SC-5	Swan_Creek	1e-05	0.033957	0.966033	Manitoba
SC-6	Swan_Creek	1e-05	1e-05	0.99998	Manitoba
SC-7	Swan_Creek	1e-05	1e-05	0.99998	Manitoba
SC-8	Swan_Creek	1e-05	1e-05	0.99998	Manitoba
SC-9	Swan_Creek	1e-05	1e-05	0.99998	Manitoba
SC-10	Swan_Creek	1e-05	1e-05	0.99998	Manitoba
SC-11	Swan_Creek	1e-05	1e-05	0.99998	Manitoba
SC-12	Swan_Creek	1.1e-05	1e-05	0.999979	Manitoba
SC-13	Swan_Creek	1e-05	1e-05	0.99998	Manitoba
SC-14	Swan_Creek	1e-05	1e-05	0.99998	Manitoba
SC-15	Swan_Creek	1e-05	1e-05	0.99998	Manitoba
SC-16	Swan_Creek	1e-05	0.034543	0.965447	Manitoba
SC-18	Swan_Creek	1e-05	1e-05	0.99998	Manitoba
SC-19	Swan_Creek	1e-05	1e-05	0.99998	Manitoba
SC-20	Swan_Creek	1e-05	1e-05	0.99998	Manitoba
SC-21	Swan_Creek	1e-05	1e-05	0.99998	Manitoba
SC-23	Swan_Creek	0.027431	0.061546	0.911022	Manitoba
SC-24	Swan_Creek	1e-05	0.002223	0.997767	Manitoba
SC-25	Swan_Creek	1.7e-05	1e-05	0.999973	Manitoba
SC-26	Swan_Creek	1e-05	1e-05	0.99998	Manitoba
SC-27	Swan_Creek	1e-05	1e-05	0.99998	Manitoba
SC-28	Swan_Creek	1e-05	1e-05	0.99998	Manitoba
SC-29	Swan_Creek	1e-05	1e-05	0.99998	Manitoba
SC-30	Swan_Creek	1e-05	1e-05	0.99998	Manitoba
SC-31	Swan_Creek	1e-05	1e-05	0.99998	Manitoba
SC-32	Swan_Creek	1e-05	1e-05	0.99998	Manitoba
SC-33	Swan_Creek	1e-05	1e-05	0.99998	Manitoba
SC-34	Swan_Creek	1e-05	1e-05	0.99998	Manitoba
SC-35	Swan_Creek	1e-05	1e-05	0.99998	Manitoba
SC-36	Swan_Creek	1e-05	1e-05	0.99998	Manitoba
SC-37	Swan_Creek	1e-05	1e-05	0.99998	Manitoba
SC-38	Swan_Creek	1e-05	1e-05	0.99998	Manitoba
SC-39	Swan_Creek	1e-05	1e-05	0.99998	Manitoba
SC-40	Swan_Creek	1e-05	1e-05	0.99998	Manitoba
SC-41	Swan_Creek	1e-05	1e-05	0.99998	Manitoba
SC-42	Swan_Creek	1e-05	1e-05	0.99998	Manitoba
SC-43	Swan_Creek	1e-05	1e-05	0.99998	Manitoba
SC-44	Swan_Creek	1.3e-05	1e-05	0.999977	Manitoba
SC-45	Swan_Creek	1e-05	1e-05	0.99998	Manitoba
SC-46	Swan_Creek	1e-05	1e-05	0.99998	Manitoba
SC-48	Swan_Creek	1e-05	1e-05	0.99998	Manitoba
SC-49	Swan_Creek	1e-05	1e-05	0.99998	Manitoba
SC-50	Swan_Creek	1e-05	1e-05	0.99998	Manitoba
Wall-189	Dauphin_River	1e-05	1e-05	0.99998	Manitoba
Wall-320	Dauphin_River	1e-05	1e-05	0.99998	Manitoba
Wall-321	Dauphin_River	1e-05	1e-05	0.99998	Manitoba
Wall-322	Dauphin_River	1e-05	1e-05	0.99998	Manitoba
Wall-324	Dauphin_River	1e-05	1e-05	0.99998	Manitoba
Wall-326	Dauphin_River	1e-05	0.039105	0.960885	Manitoba
Wall-327	Dauphin_River	1e-05	1e-05	0.99998	Manitoba
Wall-328	Dauphin_River	1e-05	1e-05	0.99998	Manitoba
Wall-329	Dauphin_River	1e-05	1e-05	0.99998	Manitoba
Wall-330	Dauphin_River	1.1e-05	1e-05	0.999979	Manitoba
Wall-331	Dauphin_River	1e-05	1e-05	0.99998	Manitoba
Wall-333	Dauphin_River	1e-05	1e-05	0.99998	Manitoba
Wall-335	Dauphin_River	1e-05	1e-05	0.99998	Manitoba
Wall-336	Dauphin_River	1e-05	1e-05	0.99998	Manitoba
Wall-337	Dauphin_River	1e-05	1e-05	0.99998	Manitoba
Wall-347	Dauphin_River	1e-05	1e-05	0.99998	Manitoba
Wall-349	Dauphin_River	1e-05	1e-05	0.99998	Manitoba
Wall-339	Dauphin_River	1e-05	1e-05	0.99998	Manitoba
Wall-340	Dauphin_River	1e-05	1e-05	0.99998	Manitoba
Wall-341	Dauphin_River	1e-05	1e-05	0.99998	Manitoba
Wall-001	Red_River	0.029977	0.964018	0.006006	Winnipeg
Wall-003	Red_River	1e-05	0.973779	0.026211	Winnipeg
Wall-004	Red_River	0.017826	0.982164	1e-05	Winnipeg
Wall-005	Red_River	0.010539	0.989451	1e-05	Winnipeg
Wall-006	Red_River	0.026313	0.969113	0.004574	Winnipeg
Wall-007	Red_River	1e-05	0.970319	0.029671	Winnipeg
Wall-008	Red_River	0.024353	0.967923	0.007724	Winnipeg
Wall-009	Red_River	0.022856	0.922331	0.054813	Winnipeg
Wall-010	Red_River	0.023182	0.976808	1e-05	Winnipeg
Wall-011	Red_River	1e-05	0.99998	1e-05	Winnipeg
Wall-013	Red_River	0.014439	0.985551	1e-05	Winnipeg
Wall-014	Red_River	1e-05	0.999724	0.000266	Winnipeg
Wall-015	Red_River	0.010892	0.989098	1e-05	Winnipeg
Wall-016	Red_River	0.012425	0.987565	1e-05	Winnipeg
Wall-017	Red_River	1e-05	0.99998	1e-05	Winnipeg
Wall-018	Red_River	1e-05	0.945637	0.054353	Winnipeg
Wall-019	Red_River	0.014163	0.985827	1e-05	Winnipeg
Wall-020	Red_River	1e-05	0.987625	0.012365	Winnipeg
Wall-021	Red_River	0.034344	0.853027	0.11263	Winnipeg
Wall-022	Red_River	0.011309	0.936135	0.052556	Winnipeg
Wall-023	Red_River	0.011404	0.948641	0.039956	Winnipeg
Wall-024	Red_River	0.014586	0.985404	1e-05	Winnipeg
Wall-026	Red_River	1e-05	0.99998	1e-05	Winnipeg
Wall-027	Red_River	0.019783	0.978696	0.00152	Winnipeg
Wall-028	Red_River	1e-05	0.99998	1e-05	Winnipeg
Wall-030	Red_River	1e-05	0.99998	1e-05	Winnipeg
Wall-031	Red_River	1e-05	0.903644	0.096346	Winnipeg
Wall-032	Red_River	0.025772	0.960659	0.013569	Winnipeg
Wall-033	Red_River	0.017538	0.940041	0.042421	Winnipeg
Wall-034	Red_River	1e-05	0.99998	1e-05	Winnipeg
Wall-035	Red_River	0.013017	0.96994	0.017043	Winnipeg
Wall-036	Red_River	1e-05	0.943185	0.056805	Winnipeg
Wall-037	Red_River	0.022898	0.977092	1e-05	Winnipeg
Wall-038	Red_River	1e-05	0.99998	1e-05	Winnipeg
Wall-039	Red_River	0.023059	0.929867	0.047073	Winnipeg
Wall-040	Red_River	0.020436	0.970328	0.009236	Winnipeg
Wall-041	Red_River	0.017153	0.950605	0.032243	Winnipeg
Wall-052	Red_River	1e-05	0.99998	1e-05	Winnipeg
Wall-055	Red_River	1e-05	0.99998	1e-05	Winnipeg
Wall-056	Red_River	1e-05	0.99998	1e-05	Winnipeg
Wall-058	Red_River	1e-05	0.99998	1e-05	Winnipeg
Wall-059	Red_River	1e-05	0.99998	1e-05	Winnipeg
Wall-060	Red_River	1e-05	0.99998	1e-05	Winnipeg
Wall-061	Red_River	1e-05	0.99998	1e-05	Winnipeg
Wall-062	Red_River	1e-05	0.989249	0.010741	Winnipeg
Wall-063	Red_River	1e-05	0.99998	1e-05	Winnipeg
Wall-064	Red_River	1e-05	0.99998	1e-05	Winnipeg
Wall-065	Red_River	1e-05	0.990639	0.009351	Winnipeg
Wall-066	Red_River	1e-05	0.99998	1e-05	Winnipeg
Wall-067	Red_River	1e-05	0.99998	1e-05	Winnipeg
Wall-068	Red_River	1e-05	0.99998	1e-05	Winnipeg
Wall-069	Red_River	0.011536	0.988454	1e-05	Winnipeg
Wall-070	Red_River	1e-05	0.99998	1e-05	Winnipeg
Wall-072	Red_River	1e-05	0.99998	1e-05	Winnipeg
Wall-073	Red_River	1e-05	0.957951	0.042039	Winnipeg
Wall-074	Red_River	1e-05	0.99998	1e-05	Winnipeg
Wall-075	Red_River	1e-05	0.99998	1e-05	Winnipeg
Wall-076	Red_River	1e-05	0.99998	1e-05	Winnipeg
Wall-077	Red_River	1e-05	0.99998	1e-05	Winnipeg
Wall-078	Red_River	0.008406	0.952954	0.03864	Winnipeg
Wall-079	Red_River	0.010534	0.989456	1e-05	Winnipeg
Wall-080	Red_River	1e-05	0.99998	1e-05	Winnipeg
Wall-081	Red_River	1e-05	0.99998	1e-05	Winnipeg
Wall-082	Red_River	1e-05	0.99998	1e-05	Winnipeg
Wall-083	Red_River	1e-05	0.99998	1e-05	Winnipeg
Wall-084	Red_River	0.016772	0.983218	1e-05	Winnipeg
Wall-085	Red_River	0.015931	0.969844	0.014225	Winnipeg
Wall-086	Red_River	0.007852	0.98258	0.009568	Winnipeg
Wall-087	Red_River	1e-05	0.99998	1e-05	Winnipeg
Wall-088	Red_River	1e-05	0.99998	1e-05	Winnipeg
Wall-089	Red_River	1e-05	0.99998	1e-05	Winnipeg
Wall-090	Red_River	1e-05	0.99998	1e-05	Winnipeg
Wall-091	Red_River	1e-05	0.99998	1e-05	Winnipeg
Wall-092	Red_River	1e-05	0.99998	1e-05	Winnipeg
Wall-093	Red_River	1e-05	0.99998	1e-05	Winnipeg
Wall-094	Red_River	1e-05	0.976264	0.023726	Winnipeg
Wall-095	Red_River	0.018171	0.981819	1e-05	Winnipeg
Wall-096	Red_River	1e-05	0.99998	1e-05	Winnipeg
Wall-098	Red_River	1e-05	0.99998	1e-05	Winnipeg
Wall-099	Red_River	1e-05	0.932607	0.067383	Winnipeg
Wall-100	Red_River	1e-05	0.99998	1e-05	Winnipeg
Wall-101	Red_River	1e-05	0.99998	1e-05	Winnipeg
Wall-102	Red_River	1e-05	0.99998	1e-05	Winnipeg
Wall-103	Red_River	1e-05	0.99998	1e-05	Winnipeg
Wall-104	Red_River	1e-05	0.99998	1e-05	Winnipeg
Wall-105	Red_River	1e-05	0.99998	1e-05	Winnipeg
Wall-106	Red_River	1e-05	0.99998	1e-05	Winnipeg
Wall-107	Red_River	1e-05	0.99998	1e-05	Winnipeg
Wall-108	Red_River	1e-05	0.99998	1e-05	Winnipeg
Wall-109	Red_River	0.009752	0.990238	1e-05	Winnipeg
Wall-110	Red_River	1e-05	0.99998	1e-05	Winnipeg
Wall-171	Matheson	1e-05	0.8786	0.12139	Winnipeg
Wall-172	Matheson	1e-05	0.99998	1e-05	Winnipeg
Wall-173	Matheson	1e-05	0.99998	1e-05	Winnipeg
Wall-174	Matheson	1e-05	0.87591	0.12408	Winnipeg
Wall-175	Matheson	1e-05	0.9947	0.00529	Winnipeg
Wall-176	Matheson	1e-05	0.99998	1e-05	Winnipeg
Wall-177	Matheson	1e-05	0.950914	0.049076	Winnipeg
Wall-178	Matheson	1e-05	0.873884	0.126106	Winnipeg
Wall-179	Matheson	1e-05	0.99998	1e-05	Winnipeg
Wall-180	Matheson	1e-05	0.99998	1e-05	Winnipeg
Wall-181	Dauphin_River	1e-05	0.973459	0.026531	Winnipeg
Wall-184	Dauphin_River	1e-05	0.99998	1e-05	Winnipeg
Wall-186	Dauphin_River	1e-05	0.989527	0.010463	Winnipeg
Wall-187	Dauphin_River	1e-05	0.97174	0.02825	Winnipeg
Wall-190	Dauphin_River	1e-05	0.99998	1e-05	Winnipeg
Wall-192	Dauphin_River	1e-05	0.970381	0.029609	Winnipeg
Wall-194	Dauphin_River	1e-05	0.956459	0.043531	Winnipeg
Wall-195	Dauphin_River	0.011545	0.988445	1e-05	Winnipeg
Wall-213	Red_River	1e-05	0.99998	1e-05	Winnipeg
Wall-214	Red_River	1e-05	0.99998	1e-05	Winnipeg
Wall-215	Red_River	0.008269	0.991721	1e-05	Winnipeg
Wall-216	Red_River	0.010212	0.989778	1e-05	Winnipeg
Wall-217	Red_River	1e-05	0.99998	1e-05	Winnipeg
Wall-218	Red_River	1e-05	0.99998	1e-05	Winnipeg
Wall-219	Red_River	1e-05	0.997137	0.002853	Winnipeg
Wall-221	Red_River	1e-05	0.99998	1e-05	Winnipeg
Wall-223	Red_River	1e-05	0.99998	1e-05	Winnipeg
Wall-224	Red_River	1e-05	0.99998	1e-05	Winnipeg
Wall-225	Red_River	1e-05	0.99998	1e-05	Winnipeg
Wall-226	Red_River	1e-05	0.99998	1e-05	Winnipeg
Wall-227	Red_River	1e-05	0.99998	1e-05	Winnipeg
Wall-228	Red_River	1e-05	0.99998	1e-05	Winnipeg
Wall-229	Red_River	0.014743	0.938478	0.046779	Winnipeg
Wall-230	Red_River	0.040738	0.959252	1e-05	Winnipeg
Wall-231	Red_River	0.032605	0.956434	0.010961	Winnipeg
Wall-232	Red_River	1e-05	0.99998	1e-05	Winnipeg
Wall-233	Red_River	1e-05	0.99998	1e-05	Winnipeg
Wall-235	Red_River	1e-05	0.99998	1e-05	Winnipeg
Wall-236	Red_River	0.006573	0.993417	1e-05	Winnipeg
Wall-280	Matheson	1e-05	0.99998	1e-05	Winnipeg
Wall-281	Matheson	1e-05	0.99998	1e-05	Winnipeg
Wall-282	Matheson	1e-05	0.978578	0.021412	Winnipeg
Wall-283	Matheson	0.037656	0.860304	0.102039	Winnipeg
Wall-284	Matheson	1e-05	0.99998	1e-05	Winnipeg
Wall-285	Matheson	1e-05	0.99998	1e-05	Winnipeg
Wall-286	Matheson	0.009911	0.990079	1e-05	Winnipeg
Wall-287	Matheson	0.030692	0.969298	1e-05	Winnipeg
Wall-288	Matheson	1e-05	0.99998	1e-05	Winnipeg
Wall-289	Matheson	1e-05	0.967271	0.032719	Winnipeg
Wall-290	Matheson	0.007066	0.990326	0.002607	Winnipeg
Wall-291	Matheson	1e-05	0.982533	0.017457	Winnipeg
Wall-292	Matheson	0.028048	0.971942	1e-05	Winnipeg
Wall-293	Matheson	1e-05	0.99998	1e-05	Winnipeg
Wall-294	Matheson	1e-05	0.99998	1e-05	Winnipeg
Wall-295	Matheson	1e-05	0.99998	1e-05	Winnipeg
Wall-296	Matheson	1e-05	0.99998	1e-05	Winnipeg
Wall-297	Matheson	0.028482	0.971508	1e-05	Winnipeg
Wall-298	Matheson	1e-05	0.99998	1e-05	Winnipeg
Wall-299	Matheson	1e-05	0.99998	1e-05	Winnipeg
Wall-301	Matheson	1e-05	0.99998	1e-05	Winnipeg
Wall-302	Matheson	0.013864	0.986126	1e-05	Winnipeg
Wall-304	Matheson	0.021102	0.978888	1e-05	Winnipeg
Wall-305	Matheson	1e-05	0.947043	0.052947	Winnipeg
Wall-307	Matheson	0.026269	0.88317	0.090562	Winnipeg
Wall-308	Matheson	0.012721	0.987269	1e-05	Winnipeg
Wall-309	Matheson	1e-05	0.99998	1e-05	Winnipeg
Wall-310	Matheson	1e-05	0.917379	0.082611	Winnipeg
Wall-311	Matheson	1e-05	0.99998	1e-05	Winnipeg
Wall-312	Matheson	1e-05	0.99998	1e-05	Winnipeg
Wall-313	Matheson	1e-05	0.99998	1e-05	Winnipeg
Wall-314	Matheson	1e-05	0.99998	1e-05	Winnipeg
Wall-315	Matheson	0.008849	0.991141	1e-05	Winnipeg
Wall-316	Matheson	1e-05	0.991088	0.008902	Winnipeg
Wall-319	Matheson	1e-05	0.99998	1e-05	Winnipeg
Wall-325	Dauphin_River	1e-05	0.99998	1e-05	Winnipeg
Wall-332	Dauphin_River	1e-05	0.99998	1e-05	Winnipeg
Wall-334	Dauphin_River	1e-05	0.992738	0.007252	Winnipeg
Wall-348	Dauphin_River	1e-05	0.99998	1e-05	Winnipeg
Wall-352	Dauphin_River	0.015838	0.945096	0.039066	Winnipeg
Wall-353	Dauphin_River	0.026422	0.973568	1e-05	Winnipeg
Wall-355	Dauphin_River	1e-05	0.99998	1e-05	Winnipeg
Wall-361	Dauphin_River	0.041107	0.905071	0.053822	Winnipeg
Wall-343	Dauphin_River	0.022928	0.897764	0.079307	Winnipeg
Wall-206	Red_River	1e-05	0.99998	1e-05	Winnipeg
Wall-207	Red_River	1e-05	0.99998	1e-05	Winnipeg
Wall-208	Red_River	1e-05	0.99998	1e-05	Winnipeg
Wall-209	Red_River	0.020301	0.897489	0.08221	Winnipeg
Wall-210	Red_River	0.023456	0.976534	1e-05	Winnipeg
Wall-211	Red_River	1e-05	0.99998	1e-05	Winnipeg
Wall-212	Red_River	1e-05	0.99998	1e-05	Winnipeg
Wall-042	Red_River	1e-05	0.99998	1e-05	Winnipeg
Wall-043	Red_River	1e-05	0.99998	1e-05	Winnipeg
Wall-044	Red_River	1e-05	0.99998	1e-05	Winnipeg
Wall-045	Red_River	1e-05	0.99998	1e-05	Winnipeg
Wall-047	Red_River	0.030756	0.96858	0.000665	Winnipeg
Wall-048	Red_River	0.027798	0.925444	0.046758	Winnipeg
Wall-049	Red_River	1e-05	0.99998	1e-05	Winnipeg
Wall-051_2	Red_River	1e-05	0.99998	1e-05	Winnipeg
